198
188
195
196
191
180
169
194
184
154
149
164
165
171
169
158
173
216
187
148
163
188
170
174
197
159
153
138
164
183
163
174
171
159
199
204
172
179
176
177
155
167
161
149
183
182
158
160
155
162
208
211
172
181
216
180
148
156
172
149
168
169
189
190
173
178
157
174
156
181
189
185
174
170
149
167
171
175
147
157
162
135
161
181
166
153
157
195
193
208
196
203
176
179
159
165
171
182
172
181
179
183
202
210
189
172
182
184
190
192
208
202
246
212
209
181
163
199
186
169
196
187
185
164
159
159
193
204
198
210
212
165
168
178
180
210
214
183
215
185